B0 = 39.218582
B1 = 39.344351
L0 = 118.710908
L1 = 119.050219
B2 = 39.213171
B3 = 39.349787
L2 = 119.046382
L3 = 118.714117
