B0 = 0.001485
B1 = 31462.056798
L0 = 422036.867337
L1 = 419110.585773
B2 = 0.001485
B3 = 31717.754774
L2 = 419038.464009
L3 = 422109.500829
