B0 = 39.218565
B1 = 39.343393
L0 = 118.710567
L1 = 119.052474
B2 = 39.213109
B3 = 39.348875
L2 = 119.048633
L3 = 118.713775
